1111111111111111111111111111111111111111111111111111111
1100000000000000000000000111110000000000000000000000011
1101111111110111111111110111110111111111110111111111011
1101111111110111111111110111110111111111110111111111011
1100000000000111110000000000000000000111110000000000011
1101111111110111110111111111111111110111110111111111011
1101111111110111110111111111111111110111110111111111011
1100000000000000000000000111110000000000000000000000011
1111111111110111111111110111110111111111110111111111111
1111111111110111111111110111110111111111110111111111111
1111111111110111110000000000000000000111110111111111111
11111111111101111101111111   11111110111110111111111111
111111111111011111011             110111110111111111111
000000000000000000011             110000000000000000000
111111111111011111011             110111110111111111111
1111111111110111110111111111111111110111110111111111111
1111111111110111110000000000000000000111110111111111111
1111111111110111111111111111111111111111110111111111111
1111111111110111111111111111111111111111110111111111111
1100000000000000000000000111110000000000000000000000011
1101111111110111111111110111110111111111110111111111011
1101111111110111111111110111110111111111110111111111011
1100000111110000000000000000000000000000000111110000011
1111110111110111110111111111111111110111110111110111111
1111110111110111110111111111111111110111110111110111111
1100000000000111110000000111110000000111110000000000011
1101111111111111111111110111110111111111111111111111011
1101111111111111111111110111110111111111111111111111011
1100000000000000000000000000000000000000000000000000011
1111111111111111111111111111111111111111111111111111111